A=[-4,1,0,0,0,1,0,0,0,0,0;1,-4,1,0,0,0,1,0,0,0,0;0,1,-4,1,0,0,0,1,0,0,0;0,0,1,-4,1,0,0,0,0,0,0;0,0,0,1,-4,0,0,0,0,0,0;1,0,0,0,0,-4,1,0,1,0,0;0,1,0,0,0,1,-4,1,0,1,0;0,0,1,0,0,0,1,-4,0,0,1;0,0,0,0,0,1,0,0,-4,1,0;0,0,0,0,0,0,1,0,1,-4,1;0,0,0,0,0,0,0,1,0,1,-4]

b=[-90;-90;-90;-135;-180;0;0;-45;-30;-30;-90];
u=A\b;


